0000110000010000
0110010011000101
0000100000010100
1000010100010100
0110010011000001
0000100000010100
1000011000010100
0001100000011111
0000100000010100
1000011100010100
1000100100001111
0111111000000000
0001101000010100
1100010000000000
0000100000101111
0000010100001111
0001100100000001
0000100100001111
0011101010001101
1000100100001111
0111111000000000
0001101000010011
0000010101010100
0001010100101111
0011110110011100
0000100100001011
0000110100000000
0001010100001011
0000100100001011
0001010100001100
0011110111000100
0000010100001011
0000100100001100
0000011100001111
0000101100001101
0000010000001111
0001100000000001
0000100000001111
0011101010010110
0000010000101101
1100100000000001