1100010100000010
0000010101000000
0010000110001010
1100100100000010
1000100100011111
0000011000011111
0001101000000001
0000101000011111
1000010100011111
0010110010000001
1100010100000011
0000010111000000
0010000110010100
1000101100011111
0000011000011111
0001101000000001
0000101000011111
1000011100011111
0001101100000001
0010110010001011
1000011000010110
0000101100011100
0000110100000001
0000111000000001
1000010100001010
1000101001000000
1000010100001100
0000100101000000
1000010100001101
0000101001000000
1000101000011111
0000010000011111
0001100000000001
0000100000011111
1000011000011111
0000011110000000
1000011100011000
0010001111001010
0001011100001111
1000011100010111
0010011111000001
1000101000011111
0000010000011111
0001110000000001
1000010100001011
0000100001000000
0000010000001010
0001100000000001
0000100000001010
0000010000001011
0001100000000001
0000100000001011
0000010000001100
0001100000000001
0000100000001100
0000010000001101
0001100000000001
0000100000001101
1000101000011111
0000010000011111
0001100000000001
1000010100001010
0000100001000000
1000010100001100
0000100101000000
1000010100001101
0001101000000001
0000101001000000
1000011100011000
0010110011000011
0000011110000000
0001011100010000
1000011100011000
0010011111000011
1000101000011111
0000010000011111
0001110000000001
1000010100001011
0000100001000000
0000010000001010
0001100000000001
0000100000001010
0000010000001011
0001100000000001
0000100000001011
0000010000001100
0001100000000001
0000100000001100
0000010000001101
0001100000000001
0000100000001101
1000101000011111
0000010000011111
0001100000000001
1000010100001010
0000100001000000
1000010100001100
0001100100000001
0000100101000000
1000010100001101
0000111000000001
0000101001000000
1000101000011111
0000010000011111
0001100000000001
0000100000011111
1000011000011111
1000011100011001
0010110011000000
1000010100000101
1000011100011000
0000111000000000
0000010101000000
0010000111010111
0001101000000001
0000101000001000
1000100100011111
0000011100011111
0001101100000001
0000101100011111
1000010100011111
0010110011001101
0000010000001000
1000011100000010
0010000011010101
0001110000000001
0000010100100101
0001010100100100
0001100100000001
0001010100011100
0010010111000111
1000010100010101
0000011000100100
0000101000010011
1000011000010011
0000010100011100
1000011100000011
0010000111011011
0001110100000001
0000011001000000
0001011010000000
1000011100000011
0010001011010000
0010110011001110
0000111100000001
0000101100000001
1000100100011111
0000011100011111
0001101100000001
0000101100011111
1000010100011111
1000101000011111
0000011100011111
0001101100000001
0000101100011111
1000011000011111
0010110011000110
1000010100010101
0000011100000001
1000011100000010
0010011111000101
0000011100100110
1100101100000001
0000011100100111
1100101100000001
0000111100000000
0000101100000001
0000011100000100
0001101100000001
0000101100000100
0000011100000101
0001101100000001
0000101100000101
0000011100000110
0001101100000001
0000101100000110
0000011100000111
0001101100000001
0000101100000111
1000011100011000
0010110011011000
1000010100010101
0000010101000000
0010000111011111
1100100100000010
1000100100011111
0000011000011111
0001101000000001
0000101000011111
1000010100011111
0010110011010110